20 20
-0.481046 0.000000 -1.000000 -1.000000 
-0.429452 0.000000 -1.000000 -1.000000 
-0.503346 0.000000 -1.000000 -1.000000 
-0.278223 0.000000 -0.439347 0.000000 
-1.000000 -1.000000 0.000000 -0.448222 
-0.517288 0.000000 -1.000000 -1.000000 
-0.443472 0.000000 -0.469037 0.000000 
-0.327970 0.000000 0.001000 0.001000 
-1.000000 -1.000000 0.000000 -0.579913 
-0.532631 0.000000 -1.000000 -1.000000 
-0.544703 0.000000 -1.000000 -1.000000 
-0.473013 0.000000 -1.000000 -1.000000 
-1.000000 -1.000000 -0.425046 0.000000 
-0.507997 0.000000 0.001000 0.001000 
-0.526376 0.000000 0.001000 0.001000 
-0.999100 -0.999100 0.001000 0.001000 
-0.999100 -0.999100 0.001000 0.001000 
-0.420026 0.000000 0.001000 0.001000 
-0.654391 0.000000 0.000000 -0.627018 
-0.437755 0.000000 -1.000000 -1.000000 

0.001000 0.001000 -0.553307 0.000000 
0.001000 0.001000 0.001000 0.001000 
0.000000 -0.621573 0.001000 0.001000 
0.000000 -0.588750 0.001000 0.001000 
-1.000000 -1.000000 0.000000 -0.469025 
0.001000 0.001000 -0.999100 -0.999100 
0.000000 -0.476407 -1.000000 -1.000000 
0.000000 -0.431143 -0.557238 0.000000 
-0.999100 -0.999100 0.001000 0.001000 
0.001000 0.001000 0.000000 -0.481414 
0.001000 0.001000 -0.522466 0.000000 
0.001000 0.001000 0.000000 -0.566073 
-0.451915 0.000000 -0.699635 0.000000 
0.000000 -0.601410 0.000000 -0.562823 
0.000000 -0.592499 -0.587082 0.000000 
-1.000000 -1.000000 0.000000 -0.568506 
-0.255978 0.000000 -0.489347 0.000000 
0.000000 -0.324176 0.000000 -0.630610 
0.001000 0.001000 -0.376000 0.000000 
0.000000 -0.448222 0.000000 -0.385202 

0.001000 0.001000 -0.999100 -0.999100 
0.000000 -0.265436 -0.606354 0.000000 
-1.000000 -1.000000 0.000000 -0.473480 
-0.730006 0.000000 -0.458573 0.000000 
-0.381402 0.000000 0.001000 0.001000 
0.001000 0.001000 0.001000 0.001000 
-0.571730 0.000000 0.001000 0.001000 
-0.413644 0.000000 0.001000 0.001000 
-1.000000 -1.000000 0.000000 -0.573771 
0.001000 0.001000 -0.999100 -0.999100 
0.001000 0.001000 -0.999100 -0.999100 
0.000000 -0.501780 -1.000000 -1.000000 
0.000000 -0.485736 -0.482099 0.000000 
-1.000000 -1.000000 0.000000 -0.401118 
-0.713784 0.000000 -1.000000 -1.000000 
-1.000000 -1.000000 -0.508023 0.000000 
0.001000 0.001000 0.000000 -0.476728 
-0.679180 0.000000 -1.000000 -1.000000 
0.001000 0.001000 -0.721750 0.000000 
-1.000000 -1.000000 0.000000 -0.418110 

0.001000 0.001000 -0.999100 -0.999100 
-1.000000 -1.000000 -0.427501 0.000000 
-0.542114 0.000000 0.000000 -0.535119 
0.001000 0.001000 -0.999100 -0.999100 
0.001000 0.001000 -0.999100 -0.999100 
0.001000 0.001000 -0.999100 -0.999100 
0.000000 -0.620781 -1.000000 -1.000000 
0.001000 0.001000 -0.999100 -0.999100 
-0.654864 0.000000 -0.705242 0.000000 
0.000000 -0.634897 0.001000 0.001000 
0.000000 -0.444641 0.001000 0.001000 
-0.597955 0.000000 0.000000 -0.735240 
-1.000000 -1.000000 -0.398777 0.000000 
-0.561731 0.000000 0.000000 -0.304932 
0.000000 -0.531363 -0.440986 0.000000 
-0.619310 0.000000 0.000000 -0.615451 
0.001000 0.001000 -0.376095 0.000000 
0.001000 0.001000 0.000000 -0.355419 
0.000000 -0.487109 -1.000000 -1.000000 
-0.483020 0.000000 -1.000000 -1.000000 

0.001000 0.001000 -0.999100 -0.999100 
-1.000000 -1.000000 -0.424216 0.000000 
0.001000 0.001000 0.001000 0.001000 
0.000000 -0.607120 0.000000 -0.559016 
0.001000 0.001000 -0.999100 -0.999100 
0.000000 -0.231251 -0.479722 0.000000 
-1.000000 -1.000000 0.000000 -0.462912 
0.000000 -0.547950 -0.323342 0.000000 
0.000000 -0.539460 0.000000 -0.428680 
-0.676576 0.000000 -0.371206 0.000000 
-0.999100 -0.999100 0.001000 0.001000 
0.001000 0.001000 0.001000 0.001000 
-0.999100 -0.999100 0.001000 0.001000 
0.001000 0.001000 0.000000 -0.654662 
-0.297620 0.000000 -1.000000 -1.000000 
0.001000 0.001000 -0.999100 -0.999100 
0.000000 -0.692919 -1.000000 -1.000000 
0.001000 0.001000 -0.999100 -0.999100 
-0.479493 0.000000 -0.611444 0.000000 
0.000000 -0.604630 0.000000 -0.343437 

0.001000 0.001000 -0.572318 0.000000 
-0.410097 0.000000 0.001000 0.001000 
0.001000 0.001000 0.001000 0.001000 
-1.000000 -1.000000 0.000000 -0.603454 
0.001000 0.001000 -0.541851 0.000000 
-1.000000 -1.000000 0.000000 -0.426697 
-0.434086 0.000000 -0.515472 0.000000 
-0.999100 -0.999100 0.001000 0.001000 
-0.446936 0.000000 0.000000 -0.593047 
0.000000 -0.712079 -0.687442 0.000000 
-1.000000 -1.000000 0.000000 -0.328255 
0.001000 0.001000 -0.614114 0.000000 
-1.000000 -1.000000 0.000000 -0.262633 
0.000000 -0.396059 -1.000000 -1.000000 
0.000000 -0.700058 -0.620078 0.000000 
0.000000 -0.507737 0.001000 0.001000 
-0.492809 0.000000 0.001000 0.001000 
0.000000 -0.534251 0.000000 -0.389814 
0.001000 0.001000 -0.376022 0.000000 
-1.000000 -1.000000 0.000000 -0.453703 

0.001000 0.001000 -0.999100 -0.999100 
0.000000 -0.550174 -1.000000 -1.000000 
0.000000 -0.541401 -0.591753 0.000000 
-1.000000 -1.000000 0.000000 -0.527294 
0.000000 -0.391859 -0.569964 0.000000 
-1.000000 -1.000000 0.000000 -0.522501 
0.001000 0.001000 -0.434802 0.000000 
-1.000000 -1.000000 0.000000 -0.349871 
0.001000 0.001000 -0.334836 0.000000 
-0.579182 0.000000 0.001000 0.001000 
-0.999100 -0.999100 0.001000 0.001000 
0.000000 -0.547318 0.000000 -0.395573 
-0.286909 0.000000 -1.000000 -1.000000 
-0.523934 0.000000 -1.000000 -1.000000 
-0.622681 0.000000 -1.000000 -1.000000 
-0.418605 0.000000 -1.000000 -1.000000 
0.001000 0.001000 -0.999100 -0.999100 
-0.601123 0.000000 -0.434908 0.000000 
0.000000 -0.607102 0.000000 -0.342483 
-0.401421 0.000000 -1.000000 -1.000000 

0.000000 -0.500760 -1.000000 -1.000000 
-1.000000 -1.000000 -0.542849 0.000000 
-0.508936 0.000000 0.001000 0.001000 
-1.000000 -1.000000 0.000000 -0.520417 
-0.605401 0.000000 -1.000000 -1.000000 
-1.000000 -1.000000 -0.466925 0.000000 
0.000000 -0.340076 0.001000 0.001000 
-0.495779 0.000000 0.000000 -0.626886 
0.000000 -0.606673 -1.000000 -1.000000 
0.001000 0.001000 -0.999100 -0.999100 
-0.497028 0.000000 -1.000000 -1.000000 
-0.603098 0.000000 -0.588161 0.000000 
0.000000 -0.598693 0.000000 -0.581104 
0.001000 0.001000 -0.999100 -0.999100 
0.001000 0.001000 -0.611360 0.000000 
0.000000 -0.615490 0.000000 -0.283668 
0.001000 0.001000 -0.651813 0.000000 
0.000000 -0.423367 0.000000 -0.349757 
-0.460797 0.000000 -0.502001 0.000000 
0.001000 0.001000 0.000000 -0.592253 

-0.631345 0.000000 -0.519732 0.000000 
-0.262708 0.000000 0.000000 -0.404970 
0.000000 -0.332665 -0.379617 0.000000 
-0.661764 0.000000 0.000000 -0.266485 
0.001000 0.001000 -0.999100 -0.999100 
-0.652337 0.000000 -1.000000 -1.000000 
-0.793893 0.000000 -1.000000 -1.000000 
0.000000 -0.504137 -0.425875 0.000000 
-0.432960 0.000000 0.000000 -0.528335 
0.000000 -0.593978 -1.000000 -1.000000 
0.001000 0.001000 -0.999100 -0.999100 
0.000000 -0.540041 -0.682354 0.000000 
-0.573140 0.000000 0.000000 -0.555632 
0.001000 0.001000 -0.501786 0.000000 
0.000000 -0.490213 0.000000 -0.366148 
-0.660322 0.000000 -1.000000 -1.000000 
0.001000 0.001000 -0.567011 0.000000 
-1.000000 -1.000000 0.000000 -0.506385 
0.000000 -0.387502 -1.000000 -1.000000 
0.001000 0.001000 -0.999100 -0.999100 

0.000000 -0.425283 -1.000000 -1.000000 
0.001000 0.001000 -0.999100 -0.999100 
-0.356403 0.000000 -0.571743 0.000000 
0.000000 -0.428499 0.000000 -0.616686 
0.001000 0.001000 -0.408714 0.000000 
0.000000 -0.597481 0.000000 -0.476314 
0.001000 0.001000 -0.999100 -0.999100 
-0.423845 0.000000 -0.566424 0.000000 
0.000000 -0.507933 0.001000 0.001000 
-1.000000 -1.000000 0.000000 -0.406669 
0.000000 -0.507984 -0.620892 0.000000 
-0.464871 0.000000 0.000000 -0.335483 
0.001000 0.001000 -0.999100 -0.999100 
0.001000 0.001000 -0.469037 0.000000 
-0.999100 -0.999100 0.001000 0.001000 
0.000000 -0.408513 0.001000 0.001000 
0.000000 -0.647679 0.001000 0.001000 
-0.999100 -0.999100 0.001000 0.001000 
-0.999100 -0.999100 0.001000 0.001000 
0.001000 0.001000 0.000000 -0.344361 

-1.000000 -1.000000 -0.489051 0.000000 
0.001000 0.001000 0.001000 0.001000 
0.000000 -0.368198 0.001000 0.001000 
-0.595158 0.000000 0.001000 0.001000 
0.000000 -0.709755 0.001000 0.001000 
-0.496420 0.000000 0.000000 -0.591119 
0.001000 0.001000 -0.999100 -0.999100 
0.001000 0.001000 -0.999100 -0.999100 
-0.470879 0.000000 -0.639031 0.000000 
-0.999100 -0.999100 0.001000 0.001000 
-0.596059 0.000000 0.000000 -0.382675 
0.001000 0.001000 -0.501058 0.000000 
0.000000 -0.426352 0.000000 -0.437402 
0.000000 -0.589442 -0.397794 0.000000 
-0.500254 0.000000 0.000000 -0.449018 
-0.483208 0.000000 -0.676658 0.000000 
-0.396919 0.000000 0.001000 0.001000 
-1.000000 -1.000000 0.000000 -0.555433 
-1.000000 -1.000000 -0.491271 0.000000 
0.001000 0.001000 0.000000 -0.424587 

-1.000000 -1.000000 -0.458710 0.000000 
0.000000 -0.402576 0.001000 0.001000 
-1.000000 -1.000000 0.000000 -0.345200 
0.001000 0.001000 -0.608845 0.000000 
-1.000000 -1.000000 0.000000 -0.520626 
0.000000 -0.332202 -1.000000 -1.000000 
0.000000 -0.559651 -0.695212 0.000000 
0.001000 0.001000 0.001000 0.001000 
0.001000 0.001000 0.000000 -0.405878 
-1.000000 -1.000000 -0.472152 0.000000 
0.001000 0.001000 0.000000 -0.536449 
0.001000 0.001000 -0.999100 -0.999100 
-0.633417 0.000000 -1.000000 -1.000000 
-0.617207 0.000000 -1.000000 -1.000000 
0.000000 -0.365395 -0.444293 0.000000 
0.001000 0.001000 0.000000 -0.535656 
0.001000 0.001000 -0.308994 0.000000 
-0.598138 0.000000 0.001000 0.001000 
-1.000000 -1.000000 0.000000 -0.526846 
0.000000 -0.363522 -1.000000 -1.000000 

-0.386297 0.000000 -0.334272 0.000000 
-0.563161 0.000000 0.001000 0.001000 
-0.468340 0.000000 0.000000 -0.491424 
0.000000 -0.667557 -0.466241 0.000000 
-0.568007 0.000000 0.000000 -0.394945 
-0.541711 0.000000 -0.586351 0.000000 
-1.000000 -1.000000 0.000000 -0.360119 
0.000000 -0.475005 -1.000000 -1.000000 
0.001000 0.001000 -0.999100 -0.999100 
-0.457895 0.000000 -1.000000 -1.000000 
0.000000 -0.609226 -1.000000 -1.000000 
0.001000 0.001000 -0.592769 0.000000 
0.000000 -0.484032 0.000000 -0.459413 
0.001000 0.001000 -0.484178 0.000000 
-0.384472 0.000000 0.000000 -0.477805 
0.001000 0.001000 -0.999100 -0.999100 
0.001000 0.001000 -0.999100 -0.999100 
0.000000 -0.637123 -1.000000 -1.000000 
-0.526084 0.000000 -0.364851 0.000000 
-1.000000 -1.000000 0.000000 -0.532212 

0.001000 0.001000 -0.999100 -0.999100 
0.000000 -0.632127 -1.000000 -1.000000 
0.000000 -0.729975 -0.439319 0.000000 
-1.000000 -1.000000 0.000000 -0.363013 
0.001000 0.001000 -0.999100 -0.999100 
0.001000 0.001000 -0.999100 -0.999100 
-0.435611 0.000000 -1.000000 -1.000000 
-0.810859 0.000000 -1.000000 -1.000000 
0.001000 0.001000 -0.151102 0.000000 
0.000000 -0.642865 0.000000 -0.606193 
-0.657462 0.000000 -0.421335 0.000000 
0.000000 -0.430834 0.000000 -0.325007 
-0.534871 0.000000 -0.517123 0.000000 
0.000000 -0.668067 0.000000 -0.308168 
0.001000 0.001000 -0.999100 -0.999100 
0.001000 0.001000 -0.999100 -0.999100 
0.000000 -0.541371 -1.000000 -1.000000 
-0.742295 0.000000 -0.413504 0.000000 
0.000999 0.000999 0.000000 -0.286570 
-0.656267 0.000000 -1.000000 -1.000000 

0.001000 0.001000 -0.999100 -0.999100 
-0.337558 0.000000 -1.000000 -1.000000 
-0.700443 0.000000 -1.000000 -1.000000 
-1.000000 -1.000000 -0.695397 0.000000 
0.001000 0.001000 0.001000 0.001000 
0.001000 0.001000 0.000000 -0.636943 
0.001000 0.001000 -0.345831 0.000000 
0.000000 -0.471981 0.000000 -0.464241 
0.001000 0.001000 -0.384864 0.000000 
-1.000000 -1.000000 0.000000 -0.660113 
0.001000 0.001000 -0.999100 -0.999100 
-0.594926 0.000000 -1.000000 -1.000000 
0.001000 0.001000 -0.498756 0.000000 
-1.000000 -1.000000 0.000000 -0.636502 
0.000000 -0.528461 -0.464589 0.000000 
0.000000 -0.472570 0.000000 -0.455653 
-0.506884 0.000000 -0.589703 0.000000 
0.000998 0.000998 0.000000 -0.381584 
0.000998 0.000998 -0.999102 -0.999102 
0.000994 0.000994 -0.999106 -0.999106 

0.001000 0.001000 -0.999100 -0.999100 
0.001000 0.001000 -0.999100 -0.999100 
0.001000 0.001000 -0.999100 -0.999100 
-0.521135 0.000000 -1.000000 -1.000000 
0.000000 -0.501169 -1.000000 -1.000000 
0.001000 0.001000 -0.528928 0.000000 
0.001000 0.001000 0.001000 0.001000 
-0.999100 -0.999100 0.001000 0.001000 
0.001000 0.001000 0.000000 -0.526406 
-0.577391 0.000000 -1.000000 -1.000000 
0.001000 0.001000 -0.535899 0.000000 
0.000000 -0.580246 0.000000 -0.771823 
0.001000 0.001000 -0.999100 -0.999100 
-0.311600 0.000000 -1.000000 -1.000000 
-1.000000 -1.000000 -0.369120 0.000000 
-0.999101 -0.999101 0.001000 0.001000 
0.000000 -0.455498 0.000000 -0.418094 
0.000998 0.000998 -0.999102 -0.999102 
0.000000 -0.523558 -0.477153 0.000000 
0.000995 0.000995 0.000000 -0.459810 

0.001000 0.001000 -0.452269 0.000000 
0.001000 0.001000 0.000000 -0.611382 
0.000000 -0.426083 -0.398798 0.000000 
0.001000 0.001000 0.000000 -0.564450 
-0.411591 0.000000 -1.000000 -1.000000 
0.001000 0.001000 -0.999100 -0.999100 
0.000000 -0.664879 -0.307847 0.000000 
-0.421639 0.000000 0.000000 -0.669985 
0.000000 -0.561797 -0.481699 0.000000 
0.001000 0.001000 0.001000 0.001000 
0.001000 0.001000 0.001000 0.001000 
-0.590012 0.000000 0.001000 0.001000 
0.001000 0.001000 0.000000 -0.572194 
0.001000 0.001000 -0.999100 -0.999100 
-0.489586 0.000000 -1.000000 -1.000000 
-0.421021 0.000000 -1.000000 -1.000000 
-0.573019 0.000000 -1.000000 -1.000000 
0.000999 0.000999 -0.543670 0.000000 
-1.000000 -1.000000 0.000000 -0.599453 
0.000000 -0.423184 -1.000000 -1.000000 

0.000000 -0.538566 -1.000000 -1.000000 
0.001000 0.001000 -0.420092 0.000000 
-0.475736 0.000000 0.001000 0.001000 
0.000000 -0.416076 0.001000 0.001000 
0.000000 -0.387456 0.000000 -0.372039 
0.001000 0.001000 -0.489443 0.000000 
-1.000000 -1.000000 0.000000 -0.389085 
0.001000 0.001000 -0.999100 -0.999100 
-0.592775 0.000000 -0.607509 0.000000 
0.000000 -0.409585 0.000000 -0.486400 
0.001000 0.001000 -0.999100 -0.999100 
0.001000 0.001000 -0.999100 -0.999100 
0.000000 -0.492955 -0.593123 0.000000 
0.001000 0.001000 0.001000 0.001000 
0.000000 -0.599839 0.000000 -0.297424 
0.001000 0.001000 -0.999100 -0.999100 
0.001000 0.001000 -0.999100 -0.999100 
0.000999 0.000999 -0.999101 -0.999101 
-1.000000 -1.000000 -0.376649 0.000000 
-0.361718 0.000000 0.000000 -0.463042 

-1.000000 -1.000000 -0.340128 0.000000 
0.001000 0.001000 0.000000 -0.582818 
0.001000 0.001000 -0.999100 -0.999100 
-0.458156 0.000000 -1.000000 -1.000000 
-0.354621 0.000000 -0.579411 0.000000 
0.000000 -0.565853 0.001000 0.001000 
-1.000000 -1.000000 0.000000 -0.536194 
0.000000 -0.386094 -1.000000 -1.000000 
0.001000 0.001000 -0.999100 -0.999100 
-0.497379 0.000000 -1.000000 -1.000000 
0.000000 -0.525016 -1.000000 -1.000000 
0.000000 -0.500760 -1.000000 -1.000000 
-0.683897 0.000000 -0.557332 0.000000 
0.000000 -0.541777 0.001000 0.001000 
-0.501257 0.000000 0.000000 -0.550448 
0.001000 0.001000 -0.999100 -0.999100 
0.001000 0.001000 -0.999100 -0.999100 
0.000000 -0.342125 -0.371556 0.000000 
-0.594882 0.000000 0.000998 0.000998 
0.000000 -0.573667 0.000000 -0.438654 

-1.000000 -1.000000 -0.617856 0.000000 
0.000000 -0.669830 0.000000 -0.285047 
0.000000 -0.546454 -0.643468 0.000000 
0.000000 -0.301997 0.001000 0.001000 
0.000000 -0.557205 0.001000 0.001000 
-1.000000 -1.000000 0.000000 -0.401069 
-1.000000 -1.000000 -0.442475 0.000000 
-0.999100 -0.999100 0.001000 0.001000 
0.000000 -0.425736 0.001000 0.001000 
0.000000 -0.495503 0.001000 0.001000 
-1.000000 -1.000000 0.000000 -0.572062 
-1.000000 -1.000000 -0.470360 0.000000 
0.000000 -0.513035 0.000000 -0.470698 
-1.000000 -1.000000 -0.484845 0.000000 
0.000000 -0.339610 0.001000 0.001000 
0.000000 -0.375155 0.001000 0.001000 
0.000000 -0.424288 0.001000 0.001000 
-0.999100 -0.999100 0.001000 0.001000 
0.000000 -0.438963 0.000000 0.001000 
0.000000 0.000000 0.000000 0.000993 

